1000
100 31 11
66 68 37
77 41 62
98 85 38
1 22 6
47 39 84
64 38 29
24 89 95
0 92 67
10 28 72
78 12 26
9 10 84
83 56 97
4 86 31
23 17 75
31 37 19
83 39 80
40 67 34
83 25 47
34 72 75
64 25 83
75 69 6
84 5 4
45 24 72
97 87 65
6 90 7
82 32 14
54 7 5
61 38 36
30 86 56
38 91 22
7 38 80
96 74 56
75 2 67
54 98 4
32 60 75
42 67 86
37 87 64
6 90 18
65 69 32
29 37 5
62 18 5
95 21 59
44 95 98
94 54 91
72 98 89
29 35 24
20 73 91
60 34 72
46 71 15
78 31 43
47 66 45
93 54 6
91 88 3
23 74 80
66 26 38
6 56 93
40 9 35
41 97 68
65 83 43
90 69 64
86 98 75
65 88 97
38 36 53
13 78 5
5 100 52
57 27 68
2 77 57
1 42 57
43 48 99
77 75 53
20 94 40
34 44 71
82 28 71
86 33 83
34 67 6
90 48 65
19 59 93
57 53 73
51 7 31
99 70 86
73 35 23
91 63 31
44 62 13
24 26 19
89 8 11
99 92 60
29 36 86
82 89 7
82 24 95
20 60 75
23 66 83
31 90 6
94 6 97
92 67 54
52 58 41
5 92 68
56 61 7
52 36 12
6 53 79
55 77 36
26 4 85
7 52 33
31 40 41
1 95 53
10 19 4
85 7 21
37 43 86
60 4 61
25 23 43
26 63 84
84 79 64
92 33 47
32 68 96
65 77 89
99 61 22
1 97 39
61 95 87
86 75 33
82 65 54
67 7 97
56 83 72
18 18 95
48 55 54
100 1 1
33 84 61
67 77 35
27 86 68
69 96 3
61 58 61
58 86 97
19 53 6
76 10 62
47 53 21
100 98 41
4 57 29
4 99 54
65 77 35
31 3 8
89 11 13
55 82 21
2 76 15
77 61 9
2 94 46
33 60 68
83 62 4
1 12 64
57 76 70
98 28 93
80 65 25
58 20 9
52 68 11
59 19 85
92 55 47
93 79 38
52 33 14
54 70 59
90 69 60
98 29 77
48 38 28
55 71 46
11 45 87
37 2 41
84 18 41
1 28 70
87 21 91
63 47 47
45 70 62
8 7 32
29 81 85
4 1 83
47 25 9
31 11 98
11 10 80
30 65 81
12 65 66
5 66 37
100 89 96
31 9 91
77 97 48
40 29 19
56 80 4
26 91 40
55 93 15
11 73 54
6 74 68
75 28 25
57 26 71
91 86 25
16 81 32
49 42 78
41 54 55
63 53 74
0 68 90
95 23 15
2 98 62
36 4 21
2 1 3
17 37 79
83 27 46
79 67 41
48 39 20
7 33 36
16 93 89
10 36 76
78 28 94
98 69 74
82 45 77
54 28 35
20 71 63
53 76 77
16 20 69
78 13 34
74 83 52
35 55 63
35 29 87
92 3 36
1 54 73
72 36 27
39 5 38
30 94 18
88 55 34
10 67 92
36 69 53
95 22 15
27 63 72
67 3 26
100 91 95
13 21 19
89 48 39
68 85 59
45 58 33
13 82 4
57 85 91
2 21 41
0 20 25
57 76 73
23 79 47
25 85 66
20 18 1
54 8 62
20 46 23
77 91 2
98 100 65
61 88 67
16 35 59
52 37 89
15 28 37
75 12 4
95 92 84
100 76 79
0 57 27
6 12 13
50 95 41
29 23 13
74 86 76
32 43 54
48 100 7
91 2 12
40 29 7
16 54 82
45 3 87
70 44 46
94 30 5
93 68 55
80 22 42
79 7 62
73 4 82
17 53 33
85 68 41
51 22 21
45 12 15
39 81 80
33 20 79
79 40 83
68 23 92
80 32 67
36 64 15
28 89 30
30 5 55
7 55 65
34 85 73
67 23 25
46 59 25
87 47 83
16 86 46
59 75 32
66 17 16
10 86 69
63 73 6
57 48 78
21 57 20
70 15 34
32 14 83
0 65 91
25 65 34
0 42 24
52 29 5
13 28 46
45 39 5
55 94 1
97 44 60
14 19 22
97 37 34
95 82 27
85 93 63
80 15 95
30 15 68
43 81 99
2 72 59
10 33 21
64 70 73
82 35 76
62 24 38
82 70 56
6 45 79
59 46 2
39 5 87
34 99 40
61 11 30
14 30 25
58 20 22
89 74 71
33 6 28
98 6 75
33 70 76
7 84 93
90 77 46
36 22 35
58 27 76
100 26 16
73 93 3
84 74 99
18 61 15
52 22 97
99 95 91
84 70 75
98 42 24
38 13 28
4 8 40
79 46 84
80 94 17
84 75 56
17 31 57
13 63 44
0 99 43
53 85 73
99 35 58
96 100 18
14 98 61
66 43 12
0 55 55
52 23 15
17 73 94
55 94 47
6 23 99
48 86 21
17 89 70
42 93 63
22 97 31
97 69 86
75 97 59
48 100 27
12 59 63
53 89 74
45 58 69
46 60 87
46 100 56
56 56 52
9 67 98
71 75 75
20 39 43
49 43 41
56 43 8
19 32 19
0 27 62
63 97 5
92 38 94
70 35 42
83 81 21
94 75 65
61 9 64
73 7 6
93 92 92
87 20 40
3 82 67
46 13 25
100 61 33
1 74 53
20 46 39
89 86 90
53 46 81
61 11 61
90 98 72
54 69 77
25 25 97
90 24 63
12 100 82
50 20 90
78 23 25
4 42 74
52 27 3
12 85 59
38 2 57
55 3 20
40 79 88
58 18 38
23 7 3
69 74 98
66 96 69
21 94 36
10 9 17
100 91 42
1 55 20
60 81 24
36 61 83
24 8 15
3 96 47
91 59 33
50 78 61
52 96 17
44 5 97
68 6 13
85 9 98
79 26 26
96 95 29
8 20 80
23 60 91
68 82 88
94 7 87
13 17 1
32 77 66
63 5 13
67 10 77
43 82 22
19 38 41
22 34 52
99 8 69
51 52 94
28 46 55
31 46 91
95 95 17
10 22 55
73 29 39
33 18 17
36 17 39
35 45 55
91 54 60
33 61 4
23 7 39
14 10 10
33 34 86
97 81 53
70 42 40
71 28 11
46 54 18
66 75 25
89 21 73
95 24 55
71 59 9
76 78 55
13 64 55
70 91 100
47 27 8
82 93 96
5 19 45
2 100 54
68 88 5
88 56 9
31 43 35
65 89 98
90 14 81
51 61 95
13 15 91
38 73 58
28 95 81
98 39 27
36 98 30
73 91 41
28 95 98
92 10 71
84 98 25
97 24 78
34 14 7
41 20 71
91 48 60
29 42 62
54 73 68
83 83 38
96 80 66
6 33 77
46 38 10
83 89 31
3 53 40
76 85 40
8 67 44
7 79 5
72 84 72
98 38 32
88 64 68
23 89 93
94 53 82
89 99 82
97 82 93
1 73 59
23 35 44
31 9 89
56 82 23
64 76 28
76 47 70
67 43 20
23 68 11
16 97 9
43 97 35
19 32 69
97 88 98
35 16 42
77 18 99
35 43 32
64 82 82
12 55 55
38 10 22
28 75 45
67 14 93
59 43 87
20 46 63
0 54 4
50 42 68
37 29 63
23 1 19
32 98 7
67 58 20
47 88 70
86 7 52
39 62 100
48 77 79
94 73 33
39 42 75
58 16 65
10 5 43
43 99 74
92 82 14
76 41 73
78 92 39
2 48 25
96 31 25
81 79 13
47 66 68
83 53 23
57 92 78
59 96 91
1 23 28
56 92 59
41 12 92
66 90 100
13 47 81
52 90 42
34 59 57
91 9 77
79 48 79
30 44 90
24 57 38
15 27 85
50 36 93
73 79 96
100 55 38
19 87 86
1 81 66
67 53 15
97 58 73
34 78 66
22 14 70
23 24 41
61 53 3
67 89 59
12 8 16
55 32 37
43 30 26
88 45 37
43 9 84
32 96 39
55 36 81
15 72 4
18 66 28
63 93 100
74 73 98
14 78 60
43 19 26
66 92 12
87 57 12
56 65 95
88 5 55
13 64 42
55 12 25
19 90 69
0 39 48
79 94 60
38 18 74
85 67 94
87 63 13
98 13 29
42 25 39
33 17 14
35 68 35
54 84 77
73 66 59
17 75 28
21 60 67
98 96 13
69 91 72
34 9 32
83 12 56
100 68 14
28 13 37
29 90 66
74 35 78
91 35 47
56 6 32
64 88 26
21 84 62
41 85 37
90 47 68
37 59 59
87 70 20
62 44 84
35 72 76
34 10 100
42 65 78
31 9 97
69 96 28
53 80 34
0 2 42
14 89 2
57 41 42
75 93 5
79 29 41
14 58 26
90 67 82
78 56 13
12 24 3
86 54 55
17 43 82
1 7 59
44 52 32
97 10 17
61 29 41
29 25 59
73 81 29
48 59 23
52 69 42
65 48 46
93 21 57
16 66 96
70 16 5
100 33 89
67 12 75
22 95 30
95 53 33
88 98 52
79 8 72
28 1 34
26 2 42
76 23 47
53 61 85
60 57 42
71 81 41
57 75 37
11 60 98
91 61 19
49 78 52
40 47 81
85 85 71
72 9 77
100 64 45
51 36 99
22 2 57
4 99 34
72 21 28
42 7 15
53 100 79
34 15 71
2 47 93
60 38 13
73 60 73
7 54 41
36 42 44
23 21 97
68 47 78
84 30 23
37 65 24
42 93 80
71 76 48
29 21 89
61 85 22
22 4 96
42 91 58
33 36 11
87 15 84
35 99 22
78 71 68
59 31 96
61 56 2
17 2 33
3 75 98
33 12 86
25 74 22
55 98 32
49 47 74
8 44 91
54 28 31
100 89 79
53 77 48
43 47 33
1 87 21
15 81 30
36 67 58
76 84 67
4 80 61
54 86 32
79 12 10
21 17 22
31 32 20
84 53 47
48 62 3
70 25 2
70 100 38
99 91 5
100 89 76
56 1 93
52 60 75
96 28 17
79 37 2
53 6 61
84 24 17
98 23 27
50 22 39
93 62 88
23 100 5
92 7 98
74 3 72
100 35 40
16 79 40
49 34 10
50 91 58
18 28 91
57 14 13
3 22 39
94 29 22
49 60 88
78 12 41
31 10 68
97 10 91
36 60 91
97 70 4
90 22 23
67 48 15
9 67 78
46 13 67
99 99 99
76 27 10
22 64 65
7 83 47
81 13 32
20 24 95
10 34 82
56 87 92
13 98 74
55 83 24
99 62 71
50 82 26
27 39 58
43 54 4
8 2 87
8 78 93
45 38 11
96 46 9
4 64 60
66 69 9
99 58 92
55 48 15
47 27 41
4 11 83
68 88 23
86 82 81
34 29 29
79 6 30
71 8 8
6 10 20
9 70 2
60 86 100
21 99 3
27 61 19
30 25 5
9 72 95
95 29 87
75 63 74
91 77 4
100 23 20
22 15 99
32 81 7
41 32 82
7 13 7
8 58 1
49 97 30
47 71 80
15 100 82
44 88 41
54 12 86
44 31 91
11 99 88
7 72 10
68 63 40
21 61 42
27 81 7
93 73 82
51 16 83
7 84 22
74 76 22
77 46 25
97 61 94
44 4 23
9 3 8
25 18 17
61 55 7
32 94 82
37 17 62
2 96 76
41 9 44
30 5 25
82 47 46
0 44 99
6 54 76
0 15 62
1 90 31
85 33 65
25 24 95
0 34 29
81 38 43
48 46 58
2 36 39
22 21 46
5 34 58
87 5 14
70 72 24
38 8 35
71 28 4
16 20 13
26 7 46
74 32 14
62 48 83
61 65 100
13 55 55
19 15 33
15 14 85
25 40 82
16 12 2
28 74 83
84 98 55
57 87 8
100 97 2
21 6 39
55 68 37
17 6 40
75 36 52
62 46 1
19 78 93
17 52 13
93 6 84
80 60 28
25 17 18
82 47 30
1 94 5
0 33 60
93 5 46
93 40 71
65 19 26
75 76 37
66 89 30
19 57 99
81 69 83
46 25 23
57 28 81
75 53 41
100 70 91
8 13 21
53 48 15
1 52 5
10 55 27
59 83 100
41 85 26
75 52 73
45 24 7
35 9 73
51 72 5
84 1 80
90 76 61
2 59 23
21 88 44
30 57 67
6 57 10
66 25 14
53 48 96
15 19 12
43 58 83
47 92 81
42 62 90
55 2 71
53 86 23
81 3 94
51 76 26
84 95 42
35 8 16
2 93 86
20 41 6
85 55 91
67 5 11
61 34 14
97 16 13
100 87 47
39 43 22
5 20 37
72 68 30
0 20 21
13 94 70
37 62 67
56 44 57
34 5 87
91 86 32
77 88 1
33 69 55
84 63 8
88 98 54
41 48 10
84 63 23
14 60 30
74 92 31
76 77 73
62 67 78
48 64 69
82 42 37
7 13 96
57 58 89
30 29 57
73 5 80
38 3 52
68 31 60
45 83 96
92 100 81
82 19 81
93 24 72
23 36 86
28 37 95
57 61 15
75 23 60
82 94 57
81 4 75
20 28 98
60 81 83
9 76 39
19 25 7
60 5 38
38 100 15
49 22 17
25 76 48
46 4 73
5 36 8
57 52 31
76 86 17
38 92 85
75 40 70
74 77 38
24 60 67
35 22 38
40 76 92
25 69 7
42 73 40
94 29 61
75 79 54
74 13 7
23 65 87
53 92 12
91 74 34
91 96 80
85 86 56
17 81 100
14 65 87
49 73 97
2 35 88
94 20 21
52 39 2
100 63 3
69 11 77
73 94 45
11 97 8
44 71 96
96 10 58
99 92 73
15 12 1
16 43 68
18 57 73
